746.532035458 10.53074719 21.7 2.32294460544 0.54167522042 -0.54167522042 0.454519477672 -0.454519477672
748.532035553 10.53074719 21.7 2.32294460544 0.54167522042 -0.54167522042 0.454519477672 -0.454519477672
750.532035648 10.53074719 21.7 2.32294460544 0.54167522042 -0.54167522042 0.454519477672 -0.454519477672
752.532035743 10.53074719 21.7 2.32294460544 0.54167522042 -0.54167522042 0.454519477672 -0.454519477672
754.532035838 10.5307480704 21.700000348 2.32294485721 0.541675406556 -0.541675154331 0.454519300317 -0.454519511959
756.532035933 10.5989609651 21.7300098735 2.34126365639 0.555252624217 -0.53667563999 0.44155540124 -0.456839806033
758.532036028 10.7874170408 21.8377041909 2.38348611208 0.586659709807 -0.523694623813 0.411361774522 -0.460820807191
760.532036123 10.8337315721 21.9361061377 2.37190289384 0.577237264265 -0.527957365623 0.420428540349 -0.459671625498
762.532036218 10.6272615838 21.9632045253 2.30969794364 -0.527706790187 0.546358696981 -0.467816893776 0.451846292141
764.532036313 10.3543296103 21.9270206408 2.29151847091 -0.506923598163 0.551618065137 -0.487714109372 0.448197415609
766.532036408 10.2347830585 21.8331354781 2.35530919142 0.543674134863 -0.538480286595 0.453033715123 -0.457403398536
768.532036503 10.3023678351 21.6844140422 2.41482106828 0.580401716372 -0.52394575103 0.417723046411 -0.462733350978
770.532036598 10.4753556489 21.5082171094 2.38932461419 0.561794228732 -0.533730665518 0.435352535318 -0.458243375557
772.532036693 10.6068632558 21.4218280521 2.31424828601 -0.514271294779 0.552448139185 -0.480150281484 0.446969569509
774.532036788 10.6140974204 21.5060745698 2.28454542341 -0.503629417302 0.555633786728 -0.490150892363 0.444275373829
776.532036883 10.5532093383 21.6549769443 2.3105652629 -0.530768573063 0.545934342828 -0.464799181808 0.45188730427
778.532036978 10.53074719 21.7 2.32294460544 -0.54167522042 0.54167522042 -0.454519477672 0.454519477672
780.532037073 10.5307470622 21.7000027353 2.32294472243 -0.541675083226 0.541675282166 -0.454519606095 0.454519439164
782.532037168 10.5307452537 21.7000414431 2.32294637792 -0.541673141767 0.54167615596 -0.454521423429 0.454518894214
784.532037263 10.5307376613 21.7002039305 2.32295332747 -0.54166499148 0.541679824303 -0.454529052575 0.454516606202
786.532037358 10.5307177217 21.700630571 2.32297157582 -0.54164358814 0.54168945875 -0.454549086889 0.454510595382
788.532037453 10.530676599 21.701510029 2.32300919683 -0.541599453243 0.541709330407 -0.454590396645 0.454498190178
790.532037548 10.5306033502 21.7030751066 2.32307616241 -0.541520861159 0.541744732616 -0.454663950816 0.45447606476
792.532037643 10.5304850598 21.705598696 2.32318418189 -0.541394001616 0.541801921033 -0.454782659166 0.45444025603
794.532037738 10.5303069334 21.7093898238 2.32334655343 -0.541203110537 0.541888076781 -0.454961239975 0.454386152416
796.532037833 10.5300523393 21.7147897654 2.32357802862 -0.540930562149 0.542011298521 -0.455216118685 0.454308446432
798.532037928 10.5297027885 21.7221682034 2.32389469073 -0.540556915553 0.542180629171 -0.455565362257 0.454201042614
800.532038023 10.5292378415 21.7319193923 2.324313846 -0.540060909571 0.54240612266 -0.456028653176 0.454056912222
802.532038118 10.5286349348 21.7444582791 2.32485392555 -0.539419400594 0.542698955577 -0.456627305647 0.45386788564
804.532038213 10.5278691202 21.7602165097 2.32553439332 -0.538607239375 0.543071587807 -0.457384324721 0.453624372923
806.532038308 10.5269127217 21.7796382273 2.32637565258 -0.5375970843 0.543537975118 -0.45832450657 0.453315002216
808.532038403 10.5257349257 21.8031755395 2.3273989401 -0.536359150648 0.544113835071 -0.459474574855 0.452926165132
810.532038498 10.5243013493 21.8312835021 2.32862619324 -0.534860897934 0.544816965211 -0.460863343813 0.452441457659
812.532038593 10.522573672 21.8644144314 2.33007987057 -0.53306666076 0.545667609037 -0.46252189303 0.451841005335
814.532038688 10.5205094809 21.9030113295 2.33178270242 -0.530937232949 0.546688860258 -0.464483731512 0.451100662711
816.532038783 10.5180625726 21.9475001817 2.33375734307 -0.528429420315 0.547907089015 -0.466784919228 0.450191080247
818.532038878 10.5151840831 21.998280868 2.33602589224 -0.525495584498 0.54935236476 -0.469464102409 0.44907663773
820.532038973 10.5118249804 22.0557164355 2.33860925073 -0.522083209111 0.551058839303 -0.472562404402 0.447714252996
822.532039068 10.5079406577 22.1201204947 2.34152627319 -0.518134529952 0.553065040464 -0.476123096791 0.446052089548
824.532039163 10.5034985987 22.1917425506 2.34479268224 -0.513586283322 0.555414012692 -0.480190956543 0.444028207824
826.532039258 10.4984903301 22.2707511505 2.34841971177 -0.508369640136 0.558153227592 -0.484811195552 0.441569233738
828.532039353 10.4929491135 22.3572148369 2.35241245571 -0.502410407916 0.56133417706 -0.490027831866 0.438589155906
830.532039448 10.4869749985 22.4510810306 2.35676791159 -0.495629596991 0.565011558162 -0.495881361587 0.434988410145
832.532039543 10.4807689115 22.5521531368 2.36147272816 -0.487944459521 0.569241966333 -0.502405593528 0.430653466001
834.532039638 10.474677293 22.6600663698 2.36650069379 -0.479270118071 0.57408203662 -0.509623534274 0.425457192287
836.532039733 10.4692483083 22.7742630144 2.37181003885 -0.46952190036 0.579586015838 -0.517542270756 0.419260340728
838.532039828 10.4652996951 22.8939680975 2.37734067337 -0.458618483125 0.585802814365 -0.526146903583 0.411914536607
840.532039923 10.4639966972 23.0181667182 2.38301154336 -0.446485912038 0.59277267395 -0.535393749059 0.403267182941
842.532040018 10.4669360634 23.1455845955 2.38871837024 -0.433062494588 0.600523691155 -0.545203258056 0.393168640087
844.532040113 10.4762285232 23.2746737524 2.39433214423 -0.4183044424 0.609068540884 -0.555453391237 0.3814818949
846.532040208 10.4945672462 23.4036056941 2.39969888691 -0.402191947844 0.618401828027 -0.565974519518 0.368094633809
848.532040303 10.5252633085 23.5302749972 2.40464139452 -0.384735092013 0.628498526025 -0.57654723602 0.352933133038
850.532040398 10.5722208955 23.6523169544 2.40896394578 -0.365978568553 0.639313901985 -0.586904691672 0.335976643505
852.532040493 10.6398146986 23.7671438454 2.4124613318 -0.346003638739 0.650785143057 -0.596741097596 0.317269982815
854.532040588 10.7326201447 23.8720055217 2.41493404821 -0.324924999905 0.662834555824 -0.605727753029 0.296930943575
856.532040683 10.8549787886 23.9640791546 2.41621034213 -0.302881423418 0.675373185814 -0.613536123195 0.27514964795
858.532040778 11.0105449078 24.0405845403 2.41616958057 -0.280026422833 0.688301837019 -0.619862572345 0.252182820743
860.532040873 11.201872116 24.0989211561 2.41476489845 -0.256521177992 0.701509233848 -0.624452401085 0.228343773392
862.532040968 11.4300113787 24.1368244302 2.41204629127 -0.23252744806 0.714868694847 -0.627123093479 0.203986177598
864.532041063 11.6941589632 24.1525334734 2.40818219271 -0.208200728595 0.728234083057 -0.627784700122 0.179482442537
866.532041158 11.9914132268 24.1449591319 2.40347592216 -0.183684322764 0.741436092853 -0.626455050817 0.155198772842
868.532041253 12.3167138735 24.1138385893 2.3983715883 -0.159105229027 0.75428023697 -0.62326761456 0.131469885726
870.532041348 12.6630535334 24.0598605717 2.39344194705 -0.134573210611 0.766548071317 -0.618469998816 0.108577004524
872.532041443 13.0220689909 23.9847431593 2.38934861512 -0.110185138598 0.778003288399 -0.612411212259 0.0867330708085
874.532041538 13.385134803 23.8912438936 2.38676350035 -0.0860375492682 0.788404432567 -0.605515924517 0.0660791644952
876.532041633 13.7448840543 23.7830970885 2.3862542995 -0.0622462079026 0.79752397858 -0.598248017633 0.0466928537362
878.532041728 14.0963069058 23.6649406603 2.38819258426 -0.0389540065168 0.805164272818 -0.591079788258 0.028596556878
880.532041823 14.4372471743 23.5422392179 2.39270007975 -0.016325242588 0.811166364747 -0.584469204742 0.0117628170586
882.532041918 14.7686391029 23.421159287 2.3996130133 0.00546333605363 0.815414750271 -0.57883840242 -0.00387825791981
884.532042013 15.0944519987 23.3083796921 2.40846987291 0.0262332346658 0.817838349531 -0.574554263789 -0.0184295794381
886.532042108 15.4212564376 23.210822713 2.41853144662 0.0458164122626 0.818407872159 -0.571912860911 -0.032017037354
888.532042203 15.7573211713 23.1352915984 2.42884188727 0.0640688340382 0.817129814742 -0.57112935932 -0.0447806351898
890.532042298 16.1111498846 23.0880015569 2.43833895691 0.080885267109 0.814037202408 -0.572334630609 -0.0568689481703
892.532042393 16.489579794 23.0740203359 2.44600583696 0.096215194262 0.809178348322 -0.575577235527 -0.0684388993402
894.532042488 16.8965801289 23.0967642664 2.45098428497 0.110080188447 0.802611919018 -0.5808189275 -0.0796607369983
896.532042583 17.3330649593 23.157593287 2.45262828518 0.122593616345 0.794410827421 -0.587920632427 -0.0907280137244
898.532042678 17.7970497224 23.2554254321 2.45054843406 0.133982800294 0.784670369384 -0.596626077801 -0.101874157291
900.532042773 18.284079522 23.3863684511 2.4446549619 0.144613338363 0.773519712915 -0.606543894913 -0.113396382849
902.532042868 18.787961465 23.5433831151 2.43519939506 0.155015459584 0.761135331749 -0.617127352493 -0.12568629543
904.532042963 19.3018265095 23.7159981646 2.42281370282 0.165913003077 0.747752760105 -0.627649700564 -0.139264275917
906.532043058 19.8195144041 23.8901169252 2.40854234793 0.178255391385 0.73366936895 -0.637171987675 -0.154809982329
908.532043153 20.3367308872 24.0482530372 2.39383773624 0.193214637007 0.719221883748 -0.644521643292 -0.173146866309
910.532043248 20.8509233264 24.1707919485 2.38046014814 0.212077301556 0.704719502944 -0.648326397494 -0.195106439276
912.532043343 21.3604120964 24.2379850905 2.37027785386 0.236081828182 0.690339289705 -0.647091145981 -0.221291853183
914.532043438 21.8632512547 24.2323788166 2.36497572166 0.26622703135 0.676010353941 -0.639327546581 -0.251780573765
916.532043533 22.3559081917 24.1415039914 2.36569007825 0.30302975957 0.661341790479 -0.623784066159 -0.285820642689
918.532043628 22.8317933916 23.9605402738 2.37261483502 0.346207965211 0.645685427781 -0.599826339115 -0.321618929915
920.532043723 23.2796065021 23.6944670389 2.38466079421 0.394314734446 0.628439938295 -0.567962165023 -0.356367946449
922.532043818 23.6828894048 23.3574846831 2.39946625755 0.444667306905 0.609543296861 -0.530207859084 -0.386791392855
924.532043913 24.0225106012 22.9682999207 2.41398980586 0.49390861581 0.58979345762 -0.489831977661 -0.410198232856
926.532044008 24.2806868845 22.5447394203 2.42531833524 0.538829582401 0.570702939351 -0.450556658625 -0.425393386778
928.532044103 24.4465234757 22.0989417305 2.43147338334 0.57720044128 0.553756073198 -0.415491798049 -0.43308247221
930.532044198 24.5226169541 21.6332927927 2.43207632704 0.608440434779 0.539246702666 -0.386188590708 -0.435742588459
932.532044293 24.526954517 21.1409954308 2.42838331126 0.633624843428 0.525606163711 -0.362434743725 -0.436919643643
934.532044388 24.4878457349 20.6118214921 2.42263735439 0.654826321379 0.509748468987 -0.342760044851 -0.440311865441
936.532044483 24.4366605278 20.0385589124 2.41727408098 0.674291052123 0.487916203167 -0.324954582483 -0.44908114527
938.532044578 24.3998485277 19.4233410784 2.41413221718 0.693527043558 0.45674483976 -0.306436387583 -0.465296820935
940.532044673 24.3902612643 18.7839945184 2.4137199993 0.712512591563 0.414462255766 -0.28467608221 -0.489393883929
942.532044768 24.3993242349 18.1583604256 2.41477198553 0.729553994223 0.361974241793 -0.257910565916 -0.519815118846
944.532044863 24.3977957113 17.5976610952 2.41479720464 0.742319861347 0.302807088688 -0.225761128304 -0.55344467062
946.532044958 24.3441355315 17.1523373358 2.41127957027 0.749276260227 0.241974927062 -0.189451016264 -0.586635775393
948.532045053 24.1955666499 16.8567319692 2.4028652944 0.750504114042 0.184469404948 -0.151471908304 -0.616255526904
950.532045148 23.9198019852 16.7135205896 2.39030726213 0.747584059044 0.133800187724 -0.11461218441 -0.640374602567
952.532045243 23.5028312712 16.6903011161 2.3764533552 0.7428078974 0.0913603171649 -0.0809641448601 -0.658281495452
954.532045338 22.9507859927 16.7349917839 2.36507993353 0.738379845808 0.0568117579079 -0.0515511178049 -0.670007544525
956.532045433 22.2897313661 16.7951360625 2.35956606307 0.735982338856 0.0286948557984 -0.0263515096678 -0.675878835355
958.532045528 21.5650024355 16.8362966546 2.36171697535 0.73665180644 0.00495130979925 -0.00454525172599 -0.676238819712
960.532045623 20.8403365855 16.8584203989 2.37079237597 0.740823096756 -0.0166887246577 0.0151230660225 -0.671322514635
962.532045718 20.193335131 16.9030115944 2.38316043475 0.748396222249 -0.0384120101845 0.0339400995223 -0.661268237284
964.532045813 19.6977085571 17.0332219744 2.39368627479 0.758684977882 -0.062004736986 0.0528235941437 -0.646345252035
966.532045908 19.4000909552 17.3017151597 2.39797537766 0.770367130304 -0.0884793789724 0.0720484946321 -0.627307658542
968.532046003 19.3003991484 17.7231734923 2.39443619483 0.781588536603 -0.11766952011 0.091199557116 -0.605768837321
970.532046098 19.3404442713 18.2569655754 2.38570265499 0.790285441505 -0.14792376595 0.109398788781 -0.58446504209
972.532046193 19.4202937873 18.8200382461 2.37777424014 0.794783026698 -0.176453618583 0.12585417168 -0.566872815041
974.532046288 19.4350556255 19.3211523798 2.37726822327 0.7942413397 -0.20031228423 0.140281061015 -0.556216600811
976.532046383 19.3072870853 19.6903779635 2.38877241977 0.788622645637 -0.217392744716 0.152849585891 -0.554483292289
978.532046478 19.0095595379 19.8995688504 2.41297420714 0.778443435495 -0.227155229531 0.163920812233 -0.561743969035
980.532046573 18.5642340997 19.9631480081 2.44668505541 0.764534906251 -0.23065388803 0.173849237968 -0.57624786639
982.532046668 18.0223457704 19.9208919226 2.48461030147 0.747918891716 -0.229914091869 0.182971460734 -0.5952128076
984.532046763 17.4431067241 19.8212344855 2.52114588104 0.729804002558 -0.227286635328 0.191721147625 -0.615605315771
986.532046858 16.8781954633 19.7082941203 2.55170752953 0.71151669095 -0.224948436824 0.200669967356 -0.634723375552
988.532046953 16.3608185195 19.6124188164 2.57348847954 0.694306044326 -0.224577423535 0.210426615913 -0.650557251106
990.532047048 15.9027355472 19.5469870007 2.58551475462 0.679133894556 -0.227248679795 0.221474979804 -0.661879161265
992.532047143 15.5002826146 19.5126169789 2.58810687348 -0.666579632 0.233532778746 -0.234063049675 0.668093200258
994.532047238 15.1413164458 19.5023692074 2.58231532837 -0.656827888038 0.243621163368 -0.248158638391 0.669061390641
996.532047333 14.8105024992 19.5058761667 2.56951592745 -0.649713677317 0.25741731889 -0.263464773619 0.664977273675
998.532047428 14.4930721744 19.5124582508 2.55116012092 -0.644809697998 0.274594901093 -0.279481175815 0.6562837542
1000.53204752 14.1772824027 19.5133276501 2.52864613717 -0.64153568829 0.29463513848 -0.295592546863 0.643620340001
1002.53204762 13.8558260843 19.5029848491 2.50326849077 0.639270288004 -0.316858307292 0.311164381519 -0.627782637262
1004.53204771 13.5264255217 19.47991406 2.47620766162 0.637448938689 -0.340460467825 0.325629630538 -0.609680952735
1006.53204781 13.1917239128 19.4466225989 2.44853248965 0.635635673462 -0.364562320834 0.33855476949 -0.590289990519
1008.5320479 12.8580029461 19.4086446701 2.4212002157 0.633559823183 -0.388286127053 0.349685146507 -0.57057526436
1010.532048 12.5331077357 19.372827312 2.395046371 0.631112380281 -0.410847246974 0.358959834981 -0.551406873353
1012.53204809 12.2248275596 19.3459293545 2.3707655308 0.628310644468 -0.431619503986 0.366486403063 -0.533496067649
1014.53204819 11.9398509418 19.333685848 2.34889209761 0.625248302371 -0.450167501555 0.372491569012 -0.517362360383
1016.53204828 11.6831702444 19.3402734348 2.3297892579 0.622046384206 -0.46625054464 0.377266010272 -0.503328007379
1018.53204838 11.4578346932 19.3681020588 2.31365012224 0.618815223318 -0.479805603101 0.381116005982 -0.491533206006
1020.53204847 11.2649660087 19.4178525883 2.30051107108 0.615631637557 -0.490917448904 0.384328281559 -0.481964228128
1022.53204857 11.1039595649 19.4886814631 2.29027466425 0.612530793327 -0.499783086995 0.387149221734 -0.474487484862
1024.53204866 10.9728015261 19.5785223097 2.28273831337 0.609509342272 -0.506675740624 0.389776306085 -0.468884299972
1026.53204876 10.8684417968 19.6844277498 2.27762491692 0.606535375395 -0.51191173159 0.392358165901 -0.464883089717
1028.53204885 10.7871837382 19.8029152411 2.27461257632 0.603561298257 -0.515821434435 0.394999378792 -0.462187730016
1030.53204895 10.7251095224 19.9303233895 2.27336263008 0.600538084527 -0.518721482977 0.3977658657 -0.460504449723
1032.53204904 10.6784617958 20.063124914 2.27354317757 0.597427415818 -0.520892168074 0.400690246385 -0.459564096205
1034.53204914 10.6438739708 20.1981261897 2.27484502097 0.594208024585 -0.522566082182 0.403778179163 -0.459134724568
1036.53204923 10.618475735 20.3325714529 2.27699099066 0.590877105848 -0.523925467021 0.40701473599 -0.459026530255
1038.53204933 10.599915511 20.4641802689 2.27974028326 0.587448529411 -0.525105031908 0.410370213767 -0.459091732021
1040.53204942 10.5863317162 20.591140807 2.28288925989 0.583949339788 -0.526197857687 0.413805211567 -0.459221330086
1042.53204952 10.5762960169 20.7120759923 2.28626989871 0.580415639796 -0.527262687818 0.417274956509 -0.459340128647
1044.53204961 10.5687446763 20.8259949685 2.28974683243 0.576888569986 -0.528331453423 0.420732897829 -0.459401003294
1046.53204971 10.5629085409 20.9322385712 2.29321365903 0.573410785494 -0.529416304738 0.424133593292 -0.459379083544
1048.5320498 10.5582480321 21.0304245877 2.29658900921 0.570023609888 -0.530515743157 0.427434917988 -0.459266285849
1050.5320499 10.5543964948 21.1203963845 2.29981268948 0.566764902365 -0.531619680388 0.430599639646 -0.459066456201
1052.53204999 10.5511131858 21.202176881 2.30284209531 0.563667591622 -0.532713408673 0.433596422906 -0.458791251461
1054.53205009 10.5482458405 21.2759287293 2.30564899785 0.560758788317 -0.533780563655 0.436400341378 -0.458456795386
1056.53205018 10.5457019673 21.3419208102 2.30821674517 0.558059372988 -0.534805213744 0.438992986498 -0.458081081664
1058.53205028 10.5434276177 21.4005006864 2.31053787748 0.55558395693 -0.535773229904 0.441362264564 -0.457682055951
1060.53205037 10.5413922587 21.4520723897 2.31261213072 0.55334112233 -0.536673088541 0.443501968551 -0.457276286576
1062.53205047 10.5395784165 21.4970787929 2.31444478873 0.551333860729 -0.53749624643 0.445411201194 -0.456878124819
1064.53205056 10.5379749101 21.5359877941 2.3160453384 0.54956014264 -0.538237206605 0.447093712763 -0.456499256358
1066.53205066 10.5365726845 21.5692815743 2.31742638109 0.548013564519 -0.538893372339 0.448557203057 -0.456148552488
1068.53205075 10.5353624535 21.5974482564 2.3186027558 0.546684031399 -0.539464765408 0.449812623893 -0.455832140247
1070.53205085 10.5343335516 21.6209753841 2.31959083376 0.54555844394 -0.539953666287 0.450873506906 -0.455553622837
1072.53205094 10.5334735546 21.6403447281 2.32040794913 0.544621367385 -0.540364218446 0.451755332152 -0.45531439411
1074.53205104 10.5327683609 21.6560280175 2.32107193563 0.543855666965 -0.540702026434 0.452474945928 -0.455114002671
1076.53205113 10.5322025234 21.6684832759 2.32160074423 0.543243099902 -0.540973767781 0.453050031088 -0.45495053172
1078.53205123 10.5317597 21.6781515136 2.32201212186 0.542764858508 -0.541186831439 0.453498629715 -0.454820969935
1080.53205132 10.5314231387 21.6854535908 2.3223233351 0.542402062296 -0.541348990027 0.453838715708 -0.454721556491
1082.53205142 10.5311761508 21.6907871163 2.3225509266 0.542136199576 -0.541468109157 0.4540878135 -0.454648089742
1084.53205151 10.5310025472 21.6945232907 2.32271049493 0.541949521124 -0.541551894134 0.454262658216 -0.454596194292
1086.53205161 10.5308870284 21.6970036328 2.32281649081 0.541825390072 -0.541607672181 0.454378892095 -0.454561545368
1088.5320517 10.5308155272 21.6985365557 2.32288202435 0.541748593434 -0.541642206761 0.454450791596 -0.454540052565
1090.5320518 10.5307755075 21.6993937749 2.3229186794 0.541705621626 -0.541661539407 0.454491019404 -0.454528007396
1092.53205189 10.530756228 21.6998065442 2.32293633171 0.541684922957 -0.541670853789 0.454510395371 -0.454522200664
1094.53205199 10.5307489785 21.6999617208 2.32294296829 0.541677140344 -0.541674356332 0.454517680491 -0.454520016548
1096.53205208 10.530747299 21.6999976678 2.3229445057 0.541675337392 -0.541675167774 0.454519368178 -0.454519510504
1098.53205218 10.53074719 21.7 2.32294460544 0.54167522042 -0.54167522042 0.454519477672 -0.454519477672
1100.53205227 10.53074719 21.7 2.32294460544 0.54167522042 -0.54167522042 0.454519477672 -0.454519477672
1102.53205237 10.53074719 21.7 2.32294460544 0.54167522042 -0.54167522042 0.454519477672 -0.454519477672
1104.53205246 10.53074719 21.7 2.32294460544 0.54167522042 -0.54167522042 0.454519477672 -0.454519477672
